referrer,views_total,views_unique
Google,21,2
github.com,1,1
shin.massbank.jp,1,1
